Kota,Usia (tahun),Jenis Kelamin,Tinggi Badan (dalam cm),Berat Badan (dalam kg),Kecepatan Bersepeda,Jenis Permukaan Jalan (yang paling sering dilalui),Jenis Sepeda (yang paling sering digunakan),Tujuan Bersepeda (secara singkat)
madiun,45,Pria,165,65,Sedang (16 - 25 km/jam),Jalanan Rata,Sepeda Balap (Road Bike),olah raga
Pekalongan,50,Pria,166,80,Santai (15 km/jam atau kurang),Jalanan Rata,Sepeda Balap (Road Bike),Menggerakkan badan ( olah raga) dalam jarak dekat 1 s.d  5 KM
Surabaya,43,Pria,178,73,Cepat (26 km/jam atau lebih),Jalanan Rata,Sepeda Balap (Road Bike),Kesehatan
Surabaya,40,Wanita,165,53,Sedang (16 - 25 km/jam),Jalanan Rata,Sepeda Balap (Road Bike),berolahraga
surabaya,32,Wanita,155,68,Santai (15 km/jam atau kurang),Jalanan Rata,Sepeda Balap (Road Bike),mengusir bosan 
Surabaya,41,Pria,167,59,Cepat (26 km/jam atau lebih),Jalanan Rata,Sepeda Balap (Road Bike),Hobby
Surabaya,33,Pria,184,75,Cepat (26 km/jam atau lebih),Jalanan Rata,Sepeda Balap (Road Bike),Sehat
Surabaya,48,Pria,179cm,78kg,Cepat (26 km/jam atau lebih),Jalanan Rata,Sepeda Balap (Road Bike),Kesehatan
Surabaya,38,Wanita,155,50,Sedang (16 - 25 km/jam),Jalanan Rata,Sepeda Balap (Road Bike),"Olahraga, kumpul teman"
Surabaya,50,Pria,173,83,Cepat (26 km/jam atau lebih),Jalanan Rata,Sepeda Balap (Road Bike),Biar sehat
Surabaya,53,Pria,183,80,Cepat (26 km/jam atau lebih),Jalanan Rata,Sepeda Balap (Road Bike),sehat n imun kuat
Surabaya,44,Wanita,158,50,Sedang (16 - 25 km/jam),Jalanan Rata,Sepeda Balap (Road Bike),Supaya sehat
Surabaya,47,Pria,170,79,Santai (15 km/jam atau kurang),Jalanan Rata,Sepeda Balap (Road Bike),Olah raga
Surabaya,36,Pria,167,74,Cepat (26 km/jam atau lebih),Jalanan Rata,Sepeda Balap (Road Bike),Untuk sehat
Surabaya,49,Pria,165,68,Sedang (16 - 25 km/jam),Jalanan Rata,Sepeda Balap (Road Bike),Utk olah raga
Surabaya,38,Pria,159,90,Sedang (16 - 25 km/jam),Jalanan Rata,Sepeda Balap (Road Bike),Olah raga dan alat transportasi sekitar komplek rumah
Surabaya,28,Wanita,159,50,Santai (15 km/jam atau kurang),Jalanan Rata,Sepeda Balap (Road Bike),Menikmati pemandangan (alam)
Surabaya,35,Pria,174,70,Cepat (26 km/jam atau lebih),Jalanan Rata,Sepeda Balap (Road Bike),Olahraga keluar keringat dan kesehatan
Surabaya,31,Pria,165,85,Cepat (26 km/jam atau lebih),Jalanan Rata,Sepeda Balap (Road Bike),Mencari angin dan keringat
Surabaya,33,Pria,179,65,Cepat (26 km/jam atau lebih),Jalanan Rata,Sepeda Balap (Road Bike),supaya sehat
Surabaya,45,Pria,170,70,Cepat (26 km/jam atau lebih),Jalanan Rata,Sepeda Balap (Road Bike),Healthy and Fun 😊
Surabaya ,45,Pria,174,80,Cepat (26 km/jam atau lebih),Jalanan Rata,Sepeda Balap (Road Bike),Biar sehat
Surabaya,44,Pria,173,70,Sedang (16 - 25 km/jam),Jalanan Rata,Sepeda Balap (Road Bike),"Biar tetap langsing, ga merasa bersalah kalo makan banyak."
Surabaya,32,Pria,168,74,Cepat (26 km/jam atau lebih),Jalanan Rata,Sepeda Balap (Road Bike),Olahraga
Surabaya,40,Pria,170,64,Cepat (26 km/jam atau lebih),Jalanan Rata,Sepeda Balap (Road Bike),Cari sehat
Surabaya,35,Pria,175,68,Cepat (26 km/jam atau lebih),Jalanan Rata,Sepeda Balap (Road Bike),Biar tidak positif Covid
Sidoarjo,39,Pria,170,58,Cepat (26 km/jam atau lebih),Jalanan Rata,Sepeda Balap (Road Bike),Kesehatan
Surabaya,21,Pria,176,70,Cepat (26 km/jam atau lebih),Jalanan Rata,Sepeda Balap (Road Bike),untuk menjadi lebih kuat
Surabaya,40,Pria,180,80,Cepat (26 km/jam atau lebih),Jalanan Rata,Sepeda Balap (Road Bike),Sehat 
Surabaya,49,Pria,181,82,Sedang (16 - 25 km/jam),Jalanan Rata,Sepeda Balap (Road Bike),Nggergaji suged...eh utk kesehatan
Surabaya,44,Pria,169,65,Cepat (26 km/jam atau lebih),Jalanan Rata,Sepeda Balap (Road Bike),Olah raga
Bandung,37,Pria,176,60,Sedang (16 - 25 km/jam),Jalanan Rata,Sepeda Balap (Road Bike),Olahraga dan rekreasi
BANDUNG,31,Pria,183,82,Sedang (16 - 25 km/jam),Jalanan Rata,Sepeda Balap (Road Bike),Buat sehat
Pekalongan,28,Pria,168,65,Cepat (26 km/jam atau lebih),Jalanan Rata,Sepeda Balap (Road Bike),Ingin sehat
bdg,32,Pria,167,82,Sedang (16 - 25 km/jam),Jalanan Rata,Sepeda Balap (Road Bike),olahraga
Bandung,53,Pria,174,74,Cepat (26 km/jam atau lebih),Jalanan Tidak Rata,Sepeda Balap (Road Bike),Healthy n Happy 
Bandung,48,Pria,175,80,Sedang (16 - 25 km/jam),Jalanan Rata,Sepeda Balap (Road Bike),Sehat dan rekreasi
Bandung,40,Pria,169,72,Sedang (16 - 25 km/jam),Jalanan Rata,Sepeda Balap (Road Bike),Olahraga
bekasi,50,Pria,170,80,Sedang (16 - 25 km/jam),Jalanan Rata,Sepeda Balap (Road Bike),olahraga
Bandung,56,Pria,172,83,Sedang (16 - 25 km/jam),Jalanan Rata,Sepeda Balap (Road Bike),Jaga kesehatan
Surabaya,46,Pria,171,65,Cepat (26 km/jam atau lebih),Jalanan Rata,Sepeda Balap (Road Bike),olah raga
Pekalongan ,39,Pria,170,69,Cepat (26 km/jam atau lebih),Jalanan Rata,Sepeda Balap (Road Bike),Menjaga stamina tubuh 
Pekalongan,47,Wanita,168,75,Santai (15 km/jam atau kurang),Jalanan Rata,Sepeda Balap (Road Bike),Olah raga
Batang,60,Pria,161,62,Sedang (16 - 25 km/jam),Jalanan Tidak Rata,Sepeda Balap (Road Bike),"Refreshing, olah raga"
Pekalongan,50 tahun,Pria,160 cm,60 kg,Sedang (16 - 25 km/jam),Jalanan Rata,Sepeda Balap (Road Bike),Utk kesehatan 
Pekalongan,17 th,Pria,167 cm,65 kg,Cepat (26 km/jam atau lebih),Jalanan Rata,Sepeda Balap (Road Bike),
Pekalongan,16 thn,Pria,168 cm,65 kg,Cepat (26 km/jam atau lebih),Jalanan Rata,Sepeda Balap (Road Bike),
Pekalongan,17 thn,Pria,167 cm,65 kg,Cepat (26 km/jam atau lebih),Jalanan Rata,Sepeda Balap (Road Bike),Kesehatan dan preatasi
Pekalongan,19 thn,Pria,160 cm,60 kg,Cepat (26 km/jam atau lebih),Jalanan Rata,Sepeda Balap (Road Bike),Kesehatan dan preatasi
Pekalongan,17 th,Wanita,160 cm,65 kg,Cepat (26 km/jam atau lebih),Jalanan Rata,Sepeda Balap (Road Bike),Kesehatan dan berprestasi
SURABAYA,58,Pria,176,75,Cepat (26 km/jam atau lebih),Jalanan Rata,Sepeda Balap (Road Bike),Sehat n kumpul2 dgn teman2
Pekalongan,55,Pria,170,70,Sedang (16 - 25 km/jam),Jalanan Rata,Sepeda Balap (Road Bike),Biar sehat
Pekalongan,57 th,Pria,170 ccm,66 kg,Santai (15 km/jam atau kurang),Jalanan Rata,Sepeda Balap (Road Bike),suka dan refresing
Surabaya,40,Pria,160,58,Sedang (16 - 25 km/jam),Jalanan Rata,Sepeda Balap (Road Bike),Oalah raga
Surabaya,47,Pria,165,64,Cepat (26 km/jam atau lebih),Jalanan Rata,Sepeda Balap (Road Bike),olah raga
Jember,37,Pria,180,99,Cepat (26 km/jam atau lebih),Jalanan Rata,Sepeda Balap (Road Bike),Sehat dan kurus
Surabaya,41,Wanita,162cm,67 kg,Cepat (26 km/jam atau lebih),Jalanan Rata,Sepeda Balap (Road Bike),Olahraga dan fun
Surabaya,44 thn,Pria,170,73,Cepat (26 km/jam atau lebih),Jalanan Rata,Sepeda Balap (Road Bike),Supaya sehat dan waktu bersama putra saya.
Surabaya,40,Wanita,154,56,Sedang (16 - 25 km/jam),Jalanan Rata,Sepeda Balap (Road Bike),Supaya sehat & ada komunitas
Surabaya,23,Pria,172,68,Cepat (26 km/jam atau lebih),Jalanan Rata,Sepeda Balap (Road Bike),Balapan bersama sesama group
Surabaya,39,Pria,166,85,Sedang (16 - 25 km/jam),Jalanan Rata,Sepeda Balap (Road Bike),
Surabaya,57,Pria,175,75,Sedang (16 - 25 km/jam),Jalanan Rata,Sepeda Balap (Road Bike),
Surabaya,49,Wanita,161,57,Sedang (16 - 25 km/jam),Jalanan Rata,Sepeda Balap (Road Bike),
Surabaya,78,Pria,173,75,Sedang (16 - 25 km/jam),Jalanan Rata,Sepeda Balap (Road Bike),
Surabaya,23,Pria,164,95,Santai (15 km/jam atau kurang),Jalanan Rata,Sepeda Balap (Road Bike),
Surabaya,53,Pria,170,64,Sedang (16 - 25 km/jam),Jalanan Rata,Sepeda Balap (Road Bike),
Surabaya,44,Wanita,168,58,Sedang (16 - 25 km/jam),Jalanan Rata,Sepeda Balap (Road Bike),
Surabaya,56,Wanita,168,55,Sedang (16 - 25 km/jam),Jalanan Rata,Sepeda Balap (Road Bike),
Surabaya,20,Pria,154,58,Sedang (16 - 25 km/jam),Jalanan Rata,Sepeda Balap (Road Bike),
Surabaya,47,Pria,170,91,Sedang (16 - 25 km/jam),Jalanan Rata,Sepeda Balap (Road Bike),
Surabaya,27,Pria,163,63,Sedang (16 - 25 km/jam),Jalanan Rata,Sepeda Balap (Road Bike),
Surabaya,44,Pria,170,76,Sedang (16 - 25 km/jam),Jalanan Rata,Sepeda Balap (Road Bike),
Surabaya,38,Wanita,165,54,Sedang (16 - 25 km/jam),Jalanan Rata,Sepeda Balap (Road Bike),
Surabaya,54,Pria,161,87,Sedang (16 - 25 km/jam),Jalanan Rata,Sepeda Balap (Road Bike),
Surabaya,35,Pria,162,76,Sedang (16 - 25 km/jam),Jalanan Rata,Sepeda Balap (Road Bike),
Surabaya,55,Wanita,154,52,Sedang (16 - 25 km/jam),Jalanan Rata,Sepeda Balap (Road Bike),
Surabaya,41,Wanita,153,54,Sedang (16 - 25 km/jam),Jalanan Rata,Sepeda Balap (Road Bike),
Surabaya,39,Pria,168,64,Sedang (16 - 25 km/jam),Jalanan Rata,Sepeda Balap (Road Bike),
Surabaya,32,Wanita,154,53,Sedang (16 - 25 km/jam),Jalanan Rata,Sepeda Balap (Road Bike),
Surabaya,21,Pria,161,65,Cepat (26 km/jam atau lebih),Jalanan Rata,Sepeda Balap (Road Bike),
Surabaya,30,Wanita,154,60,Sedang (16 - 25 km/jam),Jalanan Rata,Sepeda Balap (Road Bike),
Surabaya,29,Pria,175,92,Cepat (26 km/jam atau lebih),Jalanan Rata,Sepeda Balap (Road Bike),
Surabaya,49,Pria,161,68,Sedang (16 - 25 km/jam),Jalanan Rata,Sepeda Balap (Road Bike),
Surabaya,41,Pria,165,78,Sedang (16 - 25 km/jam),Jalanan Rata,Sepeda Balap (Road Bike),
Surabaya,27,Pria,178,73,Cepat (26 km/jam atau lebih),Jalanan Rata,Sepeda Balap (Road Bike),
Surabaya,22,Pria,177,77,Sedang (16 - 25 km/jam),Jalanan Rata,Sepeda Balap (Road Bike),
Surabaya,41,Pria,168,70,Cepat (26 km/jam atau lebih),Jalanan Rata,Sepeda Balap (Road Bike),
Surabaya,30,Pria,167,68,Sedang (16 - 25 km/jam),Jalanan Rata,Sepeda Balap (Road Bike),
Surabaya,39,Pria,170,72,Cepat (26 km/jam atau lebih),Jalanan Rata,Sepeda Balap (Road Bike),
Surabaya,22,Pria,173,75,Sedang (16 - 25 km/jam),Jalanan Rata,Sepeda Balap (Road Bike),
Surabaya,53,Pria,180,88,Sedang (16 - 25 km/jam),Jalanan Rata,Sepeda Balap (Road Bike),
Surabaya,25,Pria,166,87,Sedang (16 - 25 km/jam),Jalanan Rata,Sepeda Balap (Road Bike),
Surabaya,59,Wanita,165,55,Sedang (16 - 25 km/jam),Jalanan Rata,Sepeda Balap (Road Bike),
Surabaya,59,Pria,174,81,Sedang (16 - 25 km/jam),Jalanan Rata,Sepeda Balap (Road Bike),
Surabaya,37,Pria,171,65,Sedang (16 - 25 km/jam),Jalanan Rata,Sepeda Balap (Road Bike),
Surabaya,34,Pria,163,78,Cepat (26 km/jam atau lebih),Jalanan Rata,Sepeda Balap (Road Bike),
Surabaya,48,Pria,180,63,Cepat (26 km/jam atau lebih),Jalanan Rata,Sepeda Balap (Road Bike),
Surabaya,40,Pria,180,78,Santai (15 km/jam atau kurang),Jalanan Rata,Sepeda Balap (Road Bike),
Surabaya,27,Pria,180,80,Sedang (16 - 25 km/jam),Jalanan Rata,Sepeda Balap (Road Bike),
Surabaya,22,Pria,165,69,Sedang (16 - 25 km/jam),Jalanan Rata,Sepeda Balap (Road Bike),
Surabaya,51,Pria,180,69,Santai (15 km/jam atau kurang),Jalanan Rata,Sepeda Balap (Road Bike),
Surabaya,24,Pria,163,61,Sedang (16 - 25 km/jam),Jalanan Rata,Sepeda Balap (Road Bike),
Surabaya,26,Wanita,159,53,Santai (15 km/jam atau kurang),Jalanan Rata,Sepeda Balap (Road Bike),
Surabaya,56,Pria,178,99,Sedang (16 - 25 km/jam),Jalanan Rata,Sepeda Balap (Road Bike),
Surabaya,49,Pria,174,82,Sedang (16 - 25 km/jam),Jalanan Rata,Sepeda Balap (Road Bike),
Surabaya,22,Pria,173,65,Sedang (16 - 25 km/jam),Jalanan Rata,Sepeda Balap (Road Bike),
Surabaya,28,Pria,162,83,Sedang (16 - 25 km/jam),Jalanan Rata,Sepeda Balap (Road Bike),
Surabaya,32,Pria,176,70,Sedang (16 - 25 km/jam),Jalanan Rata,Sepeda Balap (Road Bike),
Surabaya,46,Pria,172,83,Cepat (26 km/jam atau lebih),Jalanan Rata,Sepeda Balap (Road Bike),
Surabaya,28,Pria,178,75,Sedang (16 - 25 km/jam),Jalanan Rata,Sepeda Balap (Road Bike),
Surabaya,31,Pria,185,91,Sedang (16 - 25 km/jam),Jalanan Rata,Sepeda Balap (Road Bike),
Surabaya,52,Pria,174,88,Sedang (16 - 25 km/jam),Jalanan Rata,Sepeda Balap (Road Bike),
Surabaya,56,Pria,179,80,Santai (15 km/jam atau kurang),Jalanan Rata,Sepeda Balap (Road Bike),
Surabaya,59,Pria,176,83,Sedang (16 - 25 km/jam),Jalanan Rata,Sepeda Balap (Road Bike),
Surabaya,60,Pria,188,98,Cepat (26 km/jam atau lebih),Jalanan Rata,Sepeda Balap (Road Bike),
Surabaya,52,Wanita,155,56,Sedang (16 - 25 km/jam),Jalanan Rata,Sepeda Balap (Road Bike),
Surabaya,58,Pria,162,63,Sedang (16 - 25 km/jam),Jalanan Rata,Sepeda Balap (Road Bike),
Surabaya,54,Pria,172,74,Sedang (16 - 25 km/jam),Jalanan Rata,Sepeda Balap (Road Bike),
Surabaya,21,Wanita,154,41,Sedang (16 - 25 km/jam),Jalanan Rata,Sepeda Balap (Road Bike),
Surabaya,56,Pria,180,80,Sedang (16 - 25 km/jam),Jalanan Rata,Sepeda Balap (Road Bike),
Surabaya,48,Pria,172,75,Cepat (26 km/jam atau lebih),Jalanan Rata,Sepeda Balap (Road Bike),
Surabaya,11,Pria,166,44,Cepat (26 km/jam atau lebih),Jalanan Rata,Sepeda Balap (Road Bike),
Surabaya,48,Pria,172,74,Sedang (16 - 25 km/jam),Jalanan Rata,Sepeda Balap (Road Bike),
Surabaya,38,Pria,177,75,Sedang (16 - 25 km/jam),Jalanan Rata,Sepeda Balap (Road Bike),
Surabaya,58,Wanita,148,56,Sedang (16 - 25 km/jam),Jalanan Rata,Sepeda Balap (Road Bike),
Surabaya,53,Pria,174,83,Cepat (26 km/jam atau lebih),Jalanan Rata,Sepeda Balap (Road Bike),
Surabaya,54,Pria,165,73,Sedang (16 - 25 km/jam),Jalanan Rata,Sepeda Balap (Road Bike),
Surabaya,42,Pria,170,63,Sedang (16 - 25 km/jam),Jalanan Rata,Sepeda Balap (Road Bike),
Surabaya,56,Wanita,164,53,Sedang (16 - 25 km/jam),Jalanan Rata,Sepeda Balap (Road Bike),
Surabaya,14,Pria,174,70,Sedang (16 - 25 km/jam),Jalanan Rata,Sepeda Balap (Road Bike),
Surabaya,35,Pria,162,61,Cepat (26 km/jam atau lebih),Jalanan Rata,Sepeda Balap (Road Bike),
Surabaya,34,Pria,174,80,Sedang (16 - 25 km/jam),Jalanan Rata,Sepeda Balap (Road Bike),
Surabaya,27,Pria,162,75,Sedang (16 - 25 km/jam),Jalanan Rata,Sepeda Balap (Road Bike),
Surabaya,46,Pria,184,96,Sedang (16 - 25 km/jam),Jalanan Rata,Sepeda Balap (Road Bike),
Surabaya,22,Pria,188,77,Sedang (16 - 25 km/jam),Jalanan Rata,Sepeda Balap (Road Bike),
Surabaya,39,Pria,161,84,Sedang (16 - 25 km/jam),Jalanan Rata,Sepeda Balap (Road Bike),
Surabaya,27,Pria,188,75,Sedang (16 - 25 km/jam),Jalanan Rata,Sepeda Balap (Road Bike),
Surabaya,38,Pria,188,77,Sedang (16 - 25 km/jam),Jalanan Rata,Sepeda Balap (Road Bike),
Surabaya,40,Pria,162,71,Sedang (16 - 25 km/jam),Jalanan Rata,Sepeda Balap (Road Bike),
Surabaya,31,Pria,179,77,Sedang (16 - 25 km/jam),Jalanan Rata,Sepeda Balap (Road Bike),
Surabaya,18,Pria,172,64,Sedang (16 - 25 km/jam),Jalanan Rata,Sepeda Gunung (Mountain Bike/MTB),Olahraga
Pekalongan,35,Pria,170,73,Santai (15 km/jam atau kurang),Jalanan Rata,Sepeda Gunung (Mountain Bike/MTB),Olah Raga
Indramayu,53,Wanita,157,90,Santai (15 km/jam atau kurang),Jalanan Rata,Sepeda Gunung (Mountain Bike/MTB),jalan-jalan santai
Pekalongan,53,Pria,165,65,Sedang (16 - 25 km/jam),Jalanan Rata,Sepeda Gunung (Mountain Bike/MTB),Jaga stamina tubuh
Kota Cirebon,42,Pria,165,60,Santai (15 km/jam atau kurang),Jalanan Tidak Rata,Sepeda Gunung (Mountain Bike/MTB),Olah Raga
Pekalongan,42 tahun,Pria,169,80,Santai (15 km/jam atau kurang),Jalanan Rata,Sepeda Gunung (Mountain Bike/MTB),Olah raga
Bogor,46,Pria,168,90,Santai (15 km/jam atau kurang),Jalanan Rata,Sepeda Gunung (Mountain Bike/MTB),"Santai, olah raga"
Pati,40,Pria,167,68,Santai (15 km/jam atau kurang),Jalanan Rata,Sepeda Gunung (Mountain Bike/MTB),Kesehatan dan pertemanan
Semarang,46,Pria,178,94,Sedang (16 - 25 km/jam),Jalanan Tidak Rata,Sepeda Gunung (Mountain Bike/MTB),"Olah raga, jaga kesehatan."
Pekalongan,28,Pria,168,70,Sedang (16 - 25 km/jam),Jalanan Rata,Sepeda Gunung (Mountain Bike/MTB),Berolah raga
Pekalongan,53,Pria,169,74,Sedang (16 - 25 km/jam),Jalanan Rata,Sepeda Gunung (Mountain Bike/MTB),"Sehat,refresing,byk saudara"
Kabupaten Pekalongan,40,Pria,165,70,Sedang (16 - 25 km/jam),Jalanan Rata,Sepeda Gunung (Mountain Bike/MTB),Untuk menjaga kesehatan dan refresing
Kota Pekalongan,41,Pria,165,65,Sedang (16 - 25 km/jam),Jalanan Rata,Sepeda Gunung (Mountain Bike/MTB),cari sehat
Pekalongan,34,Pria,181,88,Cepat (26 km/jam atau lebih),Jalanan Rata,Sepeda Gunung (Mountain Bike/MTB),Hiburan dan bersilaturahmi 
Pekalongan,48,Pria,165,69,Cepat (26 km/jam atau lebih),Jalanan Tidak Rata,Sepeda Gunung (Mountain Bike/MTB),Menjaga kebugaran tubuh
Pekalongan,58 tahun,Pria,172 cm,82kg,Sedang (16 - 25 km/jam),Jalanan Rata,Sepeda Gunung (Mountain Bike/MTB),Menjaga kebugaran 
Semarang,45,Pria,172,99,Santai (15 km/jam atau kurang),Jalanan Rata,Sepeda Gunung (Mountain Bike/MTB),Iseng
Kabupaten Pekalongan,47,Pria,170,80,Sedang (16 - 25 km/jam),Jalanan Rata,Sepeda Gunung (Mountain Bike/MTB),Untuk menjaga stamina agar tubuh sehat
Pekalongan,40 Tahun,Pria,158,63 kg,Sedang (16 - 25 km/jam),Jalanan Tidak Rata,Sepeda Gunung (Mountain Bike/MTB),Olahraga dan  Refresing
Pekalongan,44 th,Pria,165,65,Sedang (16 - 25 km/jam),Jalanan Tidak Rata,Sepeda Gunung (Mountain Bike/MTB),
Cirebon,42,Pria,171,84,Sedang (16 - 25 km/jam),Jalanan Tidak Rata,Sepeda Gunung (Mountain Bike/MTB),kesehatan
Pekalongan,32,Pria,165,60,Sedang (16 - 25 km/jam),Jalanan Rata,Sepeda Gunung (Mountain Bike/MTB),cari keringat
Surabaya,22,Pria,167,95,Sedang (16 - 25 km/jam),Jalanan Rata,Sepeda Gunung (Mountain Bike/MTB),Olahraga
Surabaya,25,Pria,167,85,Sedang (16 - 25 km/jam),Jalanan Rata,Sepeda Gunung (Mountain Bike/MTB),Olaharaga atau untuk menghilangkan penat
Surabaya,48,Wanita,160,60,Santai (15 km/jam atau kurang),Jalanan Rata,Sepeda Gunung (Mountain Bike/MTB),Santai
jombang,24,Pria,164,68,Santai (15 km/jam atau kurang),Jalanan Rata,Sepeda Gunung (Mountain Bike/MTB),diajak teman
Samarinda,34,Pria,176,86,Sedang (16 - 25 km/jam),Jalanan Tidak Rata,Sepeda Gunung (Mountain Bike/MTB),Olahraga
Surabaya,48,Pria,178,74,Sedang (16 - 25 km/jam),Jalanan Rata,Sepeda Gunung (Mountain Bike/MTB),Bakar kalori
Surabaya,30,Pria,170,90,Santai (15 km/jam atau kurang),Jalanan Rata,Sepeda Gunung (Mountain Bike/MTB),Berolahraga tapi kena PPKM level max
Surabaya,33,Pria,175,75,Cepat (26 km/jam atau lebih),Jalanan Rata,Sepeda Gunung (Mountain Bike/MTB),mencari pasangan hidup
Surabaya,37,Pria,180,85,Santai (15 km/jam atau kurang),Jalanan Rata,Sepeda Gunung (Mountain Bike/MTB),"mencari keringat, olahraga santai"
Surabaya,28,Pria,176,65,Santai (15 km/jam atau kurang),Jalanan Rata,Sepeda Gunung (Mountain Bike/MTB),Keliling santai
Surabaya,33,Wanita,167,63,Santai (15 km/jam atau kurang),Jalanan Rata,Sepeda Gunung (Mountain Bike/MTB),Olahraga dan transportasi
Pekalongan,19,Pria,178,93,Sedang (16 - 25 km/jam),Jalanan Rata,Sepeda Gunung (Mountain Bike/MTB),"Sebagai hobby, sekaligus olahraga utk membakar kalori dalam tubuh"
BATANG,22 tahun,Wanita,152 cm,43 kg,Santai (15 km/jam atau kurang),Jalanan Rata,Sepeda Gunung (Mountain Bike/MTB),Untuk meningkatkan daya tahan otot 
Comal,19,Wanita,155,40,Santai (15 km/jam atau kurang),Jalanan Rata,Sepeda Gunung (Mountain Bike/MTB),Berolahraga
Batang ,20,Pria,159,65,Santai (15 km/jam atau kurang),Jalanan Rata,Sepeda Gunung (Mountain Bike/MTB),Agar badan sehat 
Pekalongan,18,Wanita,160,70,Sedang (16 - 25 km/jam),Jalanan Rata,Sepeda Gunung (Mountain Bike/MTB),Tidak ada transportasi lain
Pekalongan,20,Pria,170,57,Sedang (16 - 25 km/jam),Jalanan Rata,Sepeda Gunung (Mountain Bike/MTB),"Refresing, hobi mengisi hari libur dan kumpul bareng komunitas. "
Surabaya,40 thn,Wanita,165 cm,56 kg,Santai (15 km/jam atau kurang),Jalanan Rata,Sepeda Gunung (Mountain Bike/MTB),Berolahraga untuk menjaga kesehatan
Pekalongan,52 tahun,Pria,160 cm,55 kg,Sedang (16 - 25 km/jam),Jalanan Rata,Sepeda Gunung (Mountain Bike/MTB),Menjaga fisik tetap bugar
Madura,30 tahun,Pria,180cm,78kg,Sedang (16 - 25 km/jam),Jalanan Tidak Rata,Sepeda Gunung (Mountain Bike/MTB),Bersenang senang dan untuk menguji ketahanan fisik (strength)
Kota Pekalongan,54,Pria,155,50,Santai (15 km/jam atau kurang),Jalanan Rata,Sepeda Gunung (Mountain Bike/MTB),menjaga kesehatan
Pekalongan,39,Pria,170,65,Santai (15 km/jam atau kurang),Jalanan Tidak Rata,Sepeda Gunung (Mountain Bike/MTB),Olah raga & refresing
Surabaya,37 jalan,Pria,172,78,Sedang (16 - 25 km/jam),Jalanan Tidak Rata,Sepeda Gunung (Mountain Bike/MTB),"Happy foto2, makan enak, tidur enak"
Surabaya,40,Pria,175,80,Santai (15 km/jam atau kurang),Jalanan Rata,Sepeda Gunung (Mountain Bike/MTB),Main dengan anak
Kabupaten pekalongan,20,Wanita,155,52,Santai (15 km/jam atau kurang),Jalanan Rata,Sepeda Gunung (Mountain Bike/MTB),Olahraga dan mengisi waktu luang
Pekalongan,19,Wanita,158,49,Sedang (16 - 25 km/jam),Jalanan Rata,Sepeda Gunung (Mountain Bike/MTB),Olahraga
Surabaya,28,Pria,165,78,Sedang (16 - 25 km/jam),Jalanan Rata,Sepeda Gunung (Mountain Bike/MTB),Olahraga
Batang,32,Pria,164,55,Sedang (16 - 25 km/jam),Jalanan Rata,Sepeda Gunung (Mountain Bike/MTB),Berolahraga
Pekalongan,50,Pria,170,85,Santai (15 km/jam atau kurang),Jalanan Rata,Sepeda Gunung (Mountain Bike/MTB),Menggembirakan diri sendiri
Pekalongan,18 tahun 8 bulan,Wanita,154,32,Santai (15 km/jam atau kurang),Jalanan Rata,Sepeda Gunung (Mountain Bike/MTB),"Refreshing, olahraga"
Kab. Pekalongan,52,Pria,155,65,Santai (15 km/jam atau kurang),Jalanan Rata,Sepeda Gunung (Mountain Bike/MTB),Cari keringat sambil nambah wawasan
Kab. Pekalongan,55,Wanita,155,49,Santai (15 km/jam atau kurang),Jalanan Rata,Sepeda Gunung (Mountain Bike/MTB),Agar badan sehat
Samarinda,35,Pria,172,85,Sedang (16 - 25 km/jam),Jalanan Rata,Sepeda Gunung (Mountain Bike/MTB),Hobi
SAMARINDA,48,Pria,172,74,Sedang (16 - 25 km/jam),Jalanan Rata,Sepeda Gunung (Mountain Bike/MTB),Olah raga buat kesehatan
Samarinda,34,Pria,165,77,Santai (15 km/jam atau kurang),Jalanan Rata,Sepeda Gunung (Mountain Bike/MTB),berolahraga
Tangerang,58,Pria,170,70,Sedang (16 - 25 km/jam),Jalanan Rata,Sepeda Gunung (Mountain Bike/MTB),Olah raga
Samarinda,50,Pria,171,55,Santai (15 km/jam atau kurang),Jalanan Rata,Sepeda Gunung (Mountain Bike/MTB),Olah Raga dan cari spot Foto
samarinda,40,Pria,165,57,Sedang (16 - 25 km/jam),Jalanan Tidak Rata,Sepeda Gunung (Mountain Bike/MTB),untuk menjaga kesehatan sekaligus refresing cuci mata melihat pemandangan
Surabaya,44,Wanita,159,52,Santai (15 km/jam atau kurang),Jalanan Rata,Sepeda Gunung (Mountain Bike/MTB),untuk olahraga bersama keluarga
Pekalongan,18,Wanita,155,45,Sedang (16 - 25 km/jam),Jalanan Rata,Sepeda Gunung (Mountain Bike/MTB),"Menjaga kesehatan paru paru, menyalurkan hobi, dan bersosialisasi dengan orang seperhobian"
Pekalongan,19,Wanita,154,42,Santai (15 km/jam atau kurang),Jalanan Rata,Sepeda Gunung (Mountain Bike/MTB),olahraga dan keliling kota
Surabaya,43,Pria,175,80,Santai (15 km/jam atau kurang),Jalanan Rata,Sepeda Gunung (Mountain Bike/MTB),Bersantai dan berolah raga
Surabaya,36,Pria,171,60,Santai (15 km/jam atau kurang),Jalanan Rata,Sepeda Gunung (Mountain Bike/MTB),Olahraga
Surabaya,29,Pria,165,75,Santai (15 km/jam atau kurang),Jalanan Rata,Sepeda Gunung (Mountain Bike/MTB),Olahraga
BALIKPAPAN ,40,Pria,173,56,Sedang (16 - 25 km/jam),Jalanan Rata,Sepeda Gunung (Mountain Bike/MTB),Untuk kesehatan dan hobi
Balikpapan,40,Pria,175,78,Sedang (16 - 25 km/jam),Jalanan Tidak Rata,Sepeda Gunung (Mountain Bike/MTB),Cari keringat
Samarinda,40,Pria,169,95,Sedang (16 - 25 km/jam),Jalanan Rata,Sepeda Gunung (Mountain Bike/MTB),Buat kesehatan
Tangerang,32,Wanita,163,65,Santai (15 km/jam atau kurang),Jalanan Tidak Rata,Sepeda Gunung (Mountain Bike/MTB),Supaya langsing 🤣
Bandung,34,Pria,165,67,Sedang (16 - 25 km/jam),Jalanan Tidak Rata,Sepeda Gunung (Mountain Bike/MTB),Nyari keringat 
Bandung,36,Pria,171,73,Sedang (16 - 25 km/jam),Jalanan Tidak Rata,Sepeda Gunung (Mountain Bike/MTB),Untuk Olahraga dan hobby 
Pekalongan,19,Wanita,162,52,Sedang (16 - 25 km/jam),Jalanan Tidak Rata,Sepeda Gunung (Mountain Bike/MTB),"refreshing, bonus sehat"
PEKALONGAN,38,Pria,167,65,Sedang (16 - 25 km/jam),Jalanan Tidak Rata,Sepeda Gunung (Mountain Bike/MTB),Olahraga
Bandung,39,Pria,156,57,Sedang (16 - 25 km/jam),Jalanan Tidak Rata,Sepeda Gunung (Mountain Bike/MTB),Hobi dan Kesehatan 
Bandung,63,Pria,165,74,Sedang (16 - 25 km/jam),Jalanan Tidak Rata,Sepeda Gunung (Mountain Bike/MTB),Olah raga dan refreshing
Bandung,41,Pria,165,67,Santai (15 km/jam atau kurang),Jalanan Rata,Sepeda Gunung (Mountain Bike/MTB),Bike to work
Pekalongan,32,Pria,166,78,Sedang (16 - 25 km/jam),Jalanan Rata,Sepeda Gunung (Mountain Bike/MTB),Olah raga
Bandung,35,Pria,173,98,Sedang (16 - 25 km/jam),Jalanan Rata,Sepeda Gunung (Mountain Bike/MTB),Biar sehat 
Bogor,33,Pria,169,63,Sedang (16 - 25 km/jam),Jalanan Rata,Sepeda Gunung (Mountain Bike/MTB),Refreshing dan Olahraga mingguan
Pekalongan,47,Pria,178,73,Sedang (16 - 25 km/jam),Jalanan Rata,Sepeda Gunung (Mountain Bike/MTB),Jaga kesehatan plus cardio
Pekalongan,56 tahun,Pria,165 cm,59 kg,Santai (15 km/jam atau kurang),Jalanan Rata,Sepeda Gunung (Mountain Bike/MTB),Untuk kesehatan badan
Surabaya,45,Wanita,160,70,Sedang (16 - 25 km/jam),Jalanan Rata,Sepeda Gunung (Mountain Bike/MTB),Olahraga 
Surabaya,54,Pria,179,60,Sedang (16 - 25 km/jam),Jalanan Tidak Rata,Sepeda Gunung (Mountain Bike/MTB),Kesehatan
Malang,32,Wanita,153,99,Santai (15 km/jam atau kurang),Jalanan Rata,Sepeda Gunung (Mountain Bike/MTB),cari sehat 😁
Surabaya,34,Wanita,163,62,Santai (15 km/jam atau kurang),Jalanan Rata,Sepeda Gunung (Mountain Bike/MTB),Olahraga
Pekalongan ,42,Pria,181,74,Santai (15 km/jam atau kurang),Jalanan Tidak Rata,Sepeda Gunung (Mountain Bike/MTB),Keluar dari rumah dan bersenang-senang.
Pekalongan,41,Pria,173,75,Sedang (16 - 25 km/jam),Jalanan Rata,Sepeda Gunung (Mountain Bike/MTB),Sehat
PEKALONGAN,55,Pria,163,71,Sedang (16 - 25 km/jam),Jalanan Tidak Rata,Sepeda Gunung (Mountain Bike/MTB),kesehatan
Pekalongan,27,Pria,165,85,Santai (15 km/jam atau kurang),Jalanan Rata,Sepeda Gunung (Mountain Bike/MTB),Menurunkan berat badan dan mencegah asma kambuh
Pekalongan,21,Pria,168,60,Sedang (16 - 25 km/jam),Jalanan Tidak Rata,Sepeda Gunung (Mountain Bike/MTB),Olahraga n refreshing
Pekalongan Jawa Tengah,54 th,Pria,168 cm,65 kg,Sedang (16 - 25 km/jam),Jalanan Tidak Rata,Sepeda Gunung (Mountain Bike/MTB),"Bugar, sehat byk teman n daerah baru"
Pekalongan,53,Pria,167,65,Sedang (16 - 25 km/jam),Jalanan Rata,Sepeda Gunung (Mountain Bike/MTB),Olah Raga
Malang,44,Wanita,160,49,Sedang (16 - 25 km/jam),Jalanan Tidak Rata,Sepeda Gunung (Mountain Bike/MTB),Olahraga
Pekalongan,41,Pria,168,71,Sedang (16 - 25 km/jam),Jalanan Tidak Rata,Sepeda Gunung (Mountain Bike/MTB),Untuk Kesehatan dan refresing
Pekalongan,35,Pria,167,60,Sedang (16 - 25 km/jam),Jalanan Rata,Sepeda Gunung (Mountain Bike/MTB),Sehat bugar
Bandung,47,Pria,170,62,Sedang (16 - 25 km/jam),Jalanan Tidak Rata,Sepeda Gunung (Mountain Bike/MTB),Supaya sehat
Pekalongan,46 thn,Pria,170cm,65kg,Sedang (16 - 25 km/jam),Jalanan Rata,Sepeda Gunung (Mountain Bike/MTB),untk olahraga dan rekreasi
pekalongan,39,Pria,166,45,Sedang (16 - 25 km/jam),Jalanan Rata,Sepeda Gunung (Mountain Bike/MTB),tombo mumet
Pekalongan ,40,Pria,170,71,Santai (15 km/jam atau kurang),Jalanan Rata,Sepeda Gunung (Mountain Bike/MTB),Menjaga kebugaran dan refreshing 
Bandung,32,Pria,167,48,Santai (15 km/jam atau kurang),Jalanan Tidak Rata,Sepeda Gunung (Mountain Bike/MTB),Transportasi sehari hari
Pekalongan,45,Wanita,159,75,Sedang (16 - 25 km/jam),Jalanan Rata,Sepeda Gunung (Mountain Bike/MTB),Sehat... refreshing...silaturahmi ma temen..Lihat daerah baru yg gak mgkn sy tuju kl naik motor atau mobil
Pekalongan,57,Pria,165,67,Sedang (16 - 25 km/jam),Jalanan Rata,Sepeda Gunung (Mountain Bike/MTB),Menjaga stamina agar tetap bugar
Pekalongan,40,Pria,165,80,Santai (15 km/jam atau kurang),Jalanan Tidak Rata,Sepeda Gunung (Mountain Bike/MTB),Menjaga kebugaran tubuh
Pekalongan,1971 / 50 tahun,Pria,173,78,Santai (15 km/jam atau kurang),Jalanan Rata,Sepeda Gunung (Mountain Bike/MTB),Berolahraga
Pekalongan,61 thn,Pria,172,65,Sedang (16 - 25 km/jam),Jalanan Tidak Rata,Sepeda Gunung (Mountain Bike/MTB),Olah raga sambil rekreasi
Pekalongan.,53th.,Pria,168cm.,60kg.,Sedang (16 - 25 km/jam),Jalanan Tidak Rata,Sepeda Gunung (Mountain Bike/MTB),Memperlancar peredaran darah.
Pekalongan,37,Pria,168,68,Sedang (16 - 25 km/jam),Jalanan Rata,Sepeda Gunung (Mountain Bike/MTB),Biar Sehat sama cari teman 
Padang,42 th,Pria,167,58,Santai (15 km/jam atau kurang),Jalanan Rata,Sepeda Gunung (Mountain Bike/MTB),Olah raga
Pekalongan,30,Pria,155,55,Sedang (16 - 25 km/jam),Jalanan Tidak Rata,Sepeda Gunung (Mountain Bike/MTB),Sarapan
Pekalongan,40,Pria,165,70,Sedang (16 - 25 km/jam),Jalanan Tidak Rata,Sepeda Gunung (Mountain Bike/MTB),Olahraga
Pekalongan ,33,Pria,173,86,Sedang (16 - 25 km/jam),Jalanan Rata,Sepeda Gunung (Mountain Bike/MTB),Kuliner
Purwokerto,47 tahun,Pria,174,75,Sedang (16 - 25 km/jam),Jalanan Rata,Sepeda Gunung (Mountain Bike/MTB),Olah raga
Pekalongan,40,Pria,165,78,Sedang (16 - 25 km/jam),Jalanan Rata,Sepeda Gunung (Mountain Bike/MTB),Kurang lebih perjln 50km pp
PEKALONGAN,50 TAHUN,Pria,172,84,Sedang (16 - 25 km/jam),Jalanan Rata,Sepeda Gunung (Mountain Bike/MTB),Olah Raga dan Refresing
Pekalongan,31,Pria,165,55,Sedang (16 - 25 km/jam),Jalanan Tidak Rata,Sepeda Gunung (Mountain Bike/MTB),Olahraga dan refreshing
Pekalongan,43,Pria,170,60,Santai (15 km/jam atau kurang),Jalanan Rata,Sepeda Gunung (Mountain Bike/MTB),Buat olah raga
Batang,44 th,Pria,161,65,Sedang (16 - 25 km/jam),Jalanan Tidak Rata,Sepeda Gunung (Mountain Bike/MTB),"Olahraga, refreshing, adrenaline."
Pekalongan,42,Pria,168,85,Sedang (16 - 25 km/jam),Jalanan Rata,Sepeda Gunung (Mountain Bike/MTB),Berolahraga & berekreasi
Batang,48,Pria,168,60,Sedang (16 - 25 km/jam),Jalanan Tidak Rata,Sepeda Gunung (Mountain Bike/MTB),Sehat banyak teman
Kab pekalongan,45,Pria,165,70kg,Santai (15 km/jam atau kurang),Jalanan Tidak Rata,Sepeda Gunung (Mountain Bike/MTB),"Sporting, touring, adventure, Refreshing..."
Pekalongan,33,Pria,165,65,Sedang (16 - 25 km/jam),Jalanan Rata,Sepeda Gunung (Mountain Bike/MTB),Olahraga wisata
Pekalongan,47,Pria,160 cm,67,Santai (15 km/jam atau kurang),Jalanan Rata,Sepeda Gunung (Mountain Bike/MTB),Kesehatan jasmani dan rohani
Pekalongan,50 th,Pria,158,65,Sedang (16 - 25 km/jam),Jalanan Tidak Rata,Sepeda Gunung (Mountain Bike/MTB),Sport . Fun . Sosialized
Pekalongan,52 thn,Pria,165 cm,75 kg,Sedang (16 - 25 km/jam),Jalanan Rata,Sepeda Gunung (Mountain Bike/MTB),Untuk menjaga kesehatan biar badan kita tetap sehat.
kota pekalongan,54 tahun,Pria,170,80,Sedang (16 - 25 km/jam),Jalanan Rata,Sepeda Gunung (Mountain Bike/MTB),benhil kramat batang
Pekalongan,41,Pria,165,60,Sedang (16 - 25 km/jam),Jalanan Tidak Rata,Sepeda Gunung (Mountain Bike/MTB),Olahraga.berpetualanng
Pekalongan,31,Pria,167,82,Santai (15 km/jam atau kurang),Jalanan Tidak Rata,Sepeda Gunung (Mountain Bike/MTB),Ingin melihat perbukitan sambil berolah raga
Pekalongan,60 th,Pria,161,65 kg,Santai (15 km/jam atau kurang),Jalanan Rata,Sepeda Gunung (Mountain Bike/MTB),Sekedar olah raga
Pekalongan,40an,Pria,170,70kg,Cepat (26 km/jam atau lebih),Jalanan Tidak Rata,Sepeda Gunung (Mountain Bike/MTB),Hoby is... N adventur forever
Pekalongan,41,Pria,160,50,Sedang (16 - 25 km/jam),Jalanan Tidak Rata,Sepeda Gunung (Mountain Bike/MTB),Hobi olahraga saja
Purbalingga,41,Pria,167,50,Santai (15 km/jam atau kurang),Jalanan Rata,Sepeda Gunung (Mountain Bike/MTB),Hobby dan olahraga
Pekalongan,54,Pria,167,60,Sedang (16 - 25 km/jam),Jalanan Rata,Sepeda Gunung (Mountain Bike/MTB),olah raga
Pekalongan,47th,Wanita,152,52,Santai (15 km/jam atau kurang),Jalanan Rata,Sepeda Gunung (Mountain Bike/MTB),Hiburan 
pekalongan - jawa tengah,47 tahun,Pria,170,70,Sedang (16 - 25 km/jam),Jalanan Tidak Rata,Sepeda Gunung (Mountain Bike/MTB),sport + refreshing
Pekalongan,31,Pria,170,69,Santai (15 km/jam atau kurang),Jalanan Rata,Sepeda Gunung (Mountain Bike/MTB),Karna hobi bersepeda dari kecil
Batang,71 Th,Pria,150 cm,45 kg,Sedang (16 - 25 km/jam),Jalanan Tidak Rata,Sepeda Gunung (Mountain Bike/MTB),"Untuk : menjaga kesehatan, rekreasi & silaturahmi"
Pekalongan ,49,Wanita,158,50,Sedang (16 - 25 km/jam),Jalanan Rata,Sepeda Gunung (Mountain Bike/MTB),Olah raga 
Pekalongan,39,Pria,170,72,Sedang (16 - 25 km/jam),Jalanan Tidak Rata,Sepeda Gunung (Mountain Bike/MTB),Hobby dan olahraga
Bandung,37,Pria,174,85,Santai (15 km/jam atau kurang),Jalanan Rata,Sepeda Gunung (Mountain Bike/MTB),Wisata
Pekalongan,39,Pria,165,50,Sedang (16 - 25 km/jam),Jalanan Rata,Sepeda Gunung (Mountain Bike/MTB),Menjaga Kesehatan
Batang,45,Pria,165,69,Sedang (16 - 25 km/jam),Jalanan Tidak Rata,Sepeda Gunung (Mountain Bike/MTB),Olah raga
pekalongan,40,Pria,163,55,Santai (15 km/jam atau kurang),Jalanan Tidak Rata,Sepeda Gunung (Mountain Bike/MTB),timbang pak opo
Surabaya,24,Pria,178,63,Sedang (16 - 25 km/jam),Jalanan Rata,Sepeda Gunung (Mountain Bike/MTB),Olah raga
Pekalongan ,43,Pria,170,79,Sedang (16 - 25 km/jam),Jalanan Tidak Rata,Sepeda Gunung (Mountain Bike/MTB),Hapoy
Pekalongan,55 th,Pria,158 cm,60 kg,Sedang (16 - 25 km/jam),Jalanan Rata,Sepeda Gunung (Mountain Bike/MTB),Hobi
Kudus,32,Pria,168,73,Sedang (16 - 25 km/jam),Jalanan Rata,Sepeda Gunung (Mountain Bike/MTB),Hobi dan olahraga
Pekalongan ,47,Pria,167,65,Cepat (26 km/jam atau lebih),Jalanan Tidak Rata,Sepeda Gunung (Mountain Bike/MTB),Untuk kesehatan badan
Kota Pekalongan,59,Pria,175,65,Sedang (16 - 25 km/jam),Jalanan Rata,Sepeda Gunung (Mountain Bike/MTB),Olah raga 
Pekalongan,46,Pria,168,73,Sedang (16 - 25 km/jam),Jalanan Rata,Sepeda Gunung (Mountain Bike/MTB),Olahraga dan hiburan
purwokerto,47,Pria,172,99,Santai (15 km/jam atau kurang),Jalanan Tidak Rata,Sepeda Gunung (Mountain Bike/MTB),jaga sehat
Wonosobo,49,Pria,165,80,Santai (15 km/jam atau kurang),Jalanan Rata,Sepeda Gunung (Mountain Bike/MTB),Jaga kondisi kesehatan
Pekalongan ,43,Pria,155,48,Sedang (16 - 25 km/jam),Jalanan Rata,Sepeda Gunung (Mountain Bike/MTB),Menjaga keseimbangan
Pekongan,40,Pria,173,74,Santai (15 km/jam atau kurang),Jalanan Rata,Sepeda Gunung (Mountain Bike/MTB),Membakar lemak
Purwokerto,48,Pria,178,72,Sedang (16 - 25 km/jam),Jalanan Tidak Rata,Sepeda Gunung (Mountain Bike/MTB),Olah raga
Sukoharjo,39,Pria,155,65,Sedang (16 - 25 km/jam),Jalanan Tidak Rata,Sepeda Gunung (Mountain Bike/MTB),Menjaga kesehatan
Pekalongan,36,Pria,180,80,Sedang (16 - 25 km/jam),Jalanan Rata,Sepeda Gunung (Mountain Bike/MTB),Olahraga dan hobi
Pekalongan,32 tahun,Pria,172,57,Sedang (16 - 25 km/jam),Jalanan Tidak Rata,Sepeda Gunung (Mountain Bike/MTB),Sehat
Pekalongan,58 th,Pria,172 cm,85 kg,Sedang (16 - 25 km/jam),Jalanan Rata,Sepeda Gunung (Mountain Bike/MTB),"Menjaga kebugaran, biar tetap sehat"
Pekalongan,70 tahun,Pria,168 cm,68 kg,Santai (15 km/jam atau kurang),Jalanan Tidak Rata,Sepeda Gunung (Mountain Bike/MTB),Berolahraga sambil menikmati pemandangan alam.
Pekalongan,44,Pria,165,65,Santai (15 km/jam atau kurang),Jalanan Tidak Rata,Sepeda Gunung (Mountain Bike/MTB),Agar sehat
bandung,30,Pria,171,73,Santai (15 km/jam atau kurang),Jalanan Tidak Rata,Sepeda Gunung (Mountain Bike/MTB),olahraga
Pekalongan,34,Pria,162,60,Sedang (16 - 25 km/jam),Jalanan Tidak Rata,Sepeda Gunung (Mountain Bike/MTB),Olahraga
Pekalongan,50,Pria,170,85,Santai (15 km/jam atau kurang),Jalanan Rata,Sepeda Gunung (Mountain Bike/MTB),Menghibur diri dan kejenuhan
Bandung,51,Pria,165,61,Sedang (16 - 25 km/jam),Jalanan Rata,Sepeda Gunung (Mountain Bike/MTB),Happy dan Fun
Surabaya,36,Wanita,150,66,Santai (15 km/jam atau kurang),Jalanan Rata,Sepeda Gunung (Mountain Bike/MTB),Cardio
Bandung,51,Pria,171,84,Sedang (16 - 25 km/jam),Jalanan Tidak Rata,Sepeda Gunung (Mountain Bike/MTB),Olah raga dan menikmati alam pegunungan
Pekalongan,50th,Pria,170cm62,62th,Sedang (16 - 25 km/jam),Jalanan Tidak Rata,Sepeda Gunung (Mountain Bike/MTB),Sehat bayak temen wisata alam
SURABAYA,42,Wanita,153,70,Santai (15 km/jam atau kurang),Jalanan Rata,Sepeda Gunung (Mountain Bike/MTB),FOR FUN 
Pekalongan,27,Pria,167,65,Cepat (26 km/jam atau lebih),Jalanan Tidak Rata,Sepeda Gunung (Mountain Bike/MTB),Olahraga
Surabaya,31,Pria,175,69,Santai (15 km/jam atau kurang),Jalanan Rata,Sepeda Gunung (Mountain Bike/MTB),Olahraga ringan
Surabaya,52,Pria,173,78,Santai (15 km/jam atau kurang),Jalanan Rata,Sepeda Gunung (Mountain Bike/MTB),Goes
Wonosobo,49,Pria,165,80,Santai (15 km/jam atau kurang),Jalanan Rata,Sepeda Gunung (Mountain Bike/MTB),Jaga kebugaran
Kota Pekalongan,62 th,Pria,166 cm,80 kg,Santai (15 km/jam atau kurang),Jalanan Rata,Sepeda Gunung (Mountain Bike/MTB),Utk kesehatan dan hobby
Pekalongan,32,Pria,173,94,Sedang (16 - 25 km/jam),Jalanan Rata,Sepeda Gunung (Mountain Bike/MTB),Jaga kesehatan
Surabaya,57,Pria,177,77,Santai (15 km/jam atau kurang),Jalanan Tidak Rata,Sepeda Gunung (Mountain Bike/MTB),
Surabaya,52,Pria,164,51,Sedang (16 - 25 km/jam),Jalanan Rata,Sepeda Gunung (Mountain Bike/MTB),
Surabaya,54,Pria,180,88,Santai (15 km/jam atau kurang),Jalanan Tidak Rata,Sepeda Gunung (Mountain Bike/MTB),
Surabaya,21,Pria,169,74,Sedang (16 - 25 km/jam),Jalanan Rata,Sepeda Gunung (Mountain Bike/MTB),
Surabaya,58,Pria,177,95,Sedang (16 - 25 km/jam),Jalanan Tidak Rata,Sepeda Gunung (Mountain Bike/MTB),
Surabaya,27,Wanita,157,66,Santai (15 km/jam atau kurang),Jalanan Rata,Sepeda Gunung (Mountain Bike/MTB),
Surabaya,27,Pria,164,87,Sedang (16 - 25 km/jam),Jalanan Tidak Rata,Sepeda Gunung (Mountain Bike/MTB),
Surabaya,32,Wanita,159,56,Santai (15 km/jam atau kurang),Jalanan Tidak Rata,Sepeda Gunung (Mountain Bike/MTB),
Surabaya,55,Wanita,158,55,Sedang (16 - 25 km/jam),Jalanan Rata,Sepeda Gunung (Mountain Bike/MTB),
Surabaya,24,Pria,151,64,Sedang (16 - 25 km/jam),Jalanan Rata,Sepeda Gunung (Mountain Bike/MTB),
Surabaya,11,Pria,161,57,Sedang (16 - 25 km/jam),Jalanan Tidak Rata,Sepeda Gunung (Mountain Bike/MTB),
Surabaya,60,Wanita,167,48,Sedang (16 - 25 km/jam),Jalanan Rata,Sepeda Gunung (Mountain Bike/MTB),
Surabaya,36,Wanita,160,62,Santai (15 km/jam atau kurang),Jalanan Rata,Sepeda Gunung (Mountain Bike/MTB),
Surabaya,44,Pria,174,99,Sedang (16 - 25 km/jam),Jalanan Rata,Sepeda Gunung (Mountain Bike/MTB),
Surabaya,37,Wanita,161,66,Sedang (16 - 25 km/jam),Jalanan Tidak Rata,Sepeda Gunung (Mountain Bike/MTB),
Surabaya,47,Pria,168,54,Santai (15 km/jam atau kurang),Jalanan Rata,Sepeda Gunung (Mountain Bike/MTB),
Surabaya,57,Pria,162,80,Sedang (16 - 25 km/jam),Jalanan Rata,Sepeda Gunung (Mountain Bike/MTB),
Surabaya,72,Wanita,170,58,Santai (15 km/jam atau kurang),Jalanan Rata,Sepeda Gunung (Mountain Bike/MTB),
Surabaya,68,Pria,163,77,Sedang (16 - 25 km/jam),Jalanan Rata,Sepeda Gunung (Mountain Bike/MTB),
Surabaya,32,Pria,153,69,Santai (15 km/jam atau kurang),Jalanan Rata,Sepeda Gunung (Mountain Bike/MTB),
Surabaya,36,Pria,164,62,Sedang (16 - 25 km/jam),Jalanan Rata,Sepeda Gunung (Mountain Bike/MTB),
Surabaya,24,Pria,178,90,Sedang (16 - 25 km/jam),Jalanan Rata,Sepeda Gunung (Mountain Bike/MTB),
Surabaya,24,Wanita,151,56,Sedang (16 - 25 km/jam),Jalanan Tidak Rata,Sepeda Gunung (Mountain Bike/MTB),
Surabaya,38,Pria,159,83,Santai (15 km/jam atau kurang),Jalanan Rata,Sepeda Gunung (Mountain Bike/MTB),
Surabaya,22,Pria,163,56,Santai (15 km/jam atau kurang),Jalanan Tidak Rata,Sepeda Gunung (Mountain Bike/MTB),
Surabaya,27,Pria,172,82,Sedang (16 - 25 km/jam),Jalanan Tidak Rata,Sepeda Gunung (Mountain Bike/MTB),
Surabaya,34,Pria,168,79,Sedang (16 - 25 km/jam),Jalanan Tidak Rata,Sepeda Gunung (Mountain Bike/MTB),
Surabaya,57,Pria,169,79,Sedang (16 - 25 km/jam),Jalanan Tidak Rata,Sepeda Gunung (Mountain Bike/MTB),
Surabaya,19,Pria,166,86,Sedang (16 - 25 km/jam),Jalanan Tidak Rata,Sepeda Gunung (Mountain Bike/MTB),
Surabaya,46,Pria,169,61,Santai (15 km/jam atau kurang),Jalanan Rata,Sepeda Gunung (Mountain Bike/MTB),
Surabaya,43,Wanita,164,61,Santai (15 km/jam atau kurang),Jalanan Rata,Sepeda Gunung (Mountain Bike/MTB),
Surabaya,24,Wanita,151,52,Santai (15 km/jam atau kurang),Jalanan Rata,Sepeda Gunung (Mountain Bike/MTB),
Surabaya,58,Pria,163,82,Sedang (16 - 25 km/jam),Jalanan Tidak Rata,Sepeda Gunung (Mountain Bike/MTB),
Surabaya,60,Pria,175,72,Santai (15 km/jam atau kurang),Jalanan Rata,Sepeda Gunung (Mountain Bike/MTB),
Surabaya,58,Pria,163,53,Santai (15 km/jam atau kurang),Jalanan Rata,Sepeda Gunung (Mountain Bike/MTB),
Surabaya,39,Wanita,170,42,Santai (15 km/jam atau kurang),Jalanan Tidak Rata,Sepeda Gunung (Mountain Bike/MTB),
Surabaya,25,Wanita,168,58,Santai (15 km/jam atau kurang),Jalanan Tidak Rata,Sepeda Gunung (Mountain Bike/MTB),
Surabaya,40,Pria,168,80,Sedang (16 - 25 km/jam),Jalanan Rata,Sepeda Gunung (Mountain Bike/MTB),
Surabaya,10,Pria,169,59,Sedang (16 - 25 km/jam),Jalanan Tidak Rata,Sepeda Gunung (Mountain Bike/MTB),
Surabaya,56,Pria,166,82,Santai (15 km/jam atau kurang),Jalanan Rata,Sepeda Gunung (Mountain Bike/MTB),
Surabaya,57,Wanita,150,50,Santai (15 km/jam atau kurang),Jalanan Tidak Rata,Sepeda Gunung (Mountain Bike/MTB),
Surabaya,42,Pria,149,87,Santai (15 km/jam atau kurang),Jalanan Rata,Sepeda Gunung (Mountain Bike/MTB),
Surabaya,58,Pria,181,93,Sedang (16 - 25 km/jam),Jalanan Tidak Rata,Sepeda Gunung (Mountain Bike/MTB),
Surabaya,51,Pria,180,73,Sedang (16 - 25 km/jam),Jalanan Rata,Sepeda Gunung (Mountain Bike/MTB),
Surabaya,30,Pria,170,67,Sedang (16 - 25 km/jam),Jalanan Rata,Sepeda Gunung (Mountain Bike/MTB),
Surabaya,29,Pria,166,62,Sedang (16 - 25 km/jam),Jalanan Rata,Sepeda Gunung (Mountain Bike/MTB),
Surabaya,42,Pria,171,73,Santai (15 km/jam atau kurang),Jalanan Rata,Sepeda Gunung (Mountain Bike/MTB),
Surabaya,46,Wanita,169,66,Sedang (16 - 25 km/jam),Jalanan Rata,Sepeda Gunung (Mountain Bike/MTB),
Surabaya,52,Wanita,152,60,Sedang (16 - 25 km/jam),Jalanan Rata,Sepeda Gunung (Mountain Bike/MTB),
Surabaya,37,Pria,175,81,Santai (15 km/jam atau kurang),Jalanan Rata,Sepeda Gunung (Mountain Bike/MTB),
Surabaya,33,Pria,170,87,Sedang (16 - 25 km/jam),Jalanan Rata,Sepeda Gunung (Mountain Bike/MTB),
Surabaya,46,Pria,180,66,Sedang (16 - 25 km/jam),Jalanan Tidak Rata,Sepeda Gunung (Mountain Bike/MTB),
Surabaya,41,Pria,163,63,Santai (15 km/jam atau kurang),Jalanan Rata,Sepeda Gunung (Mountain Bike/MTB),
Surabaya,16,Pria,162,64,Santai (15 km/jam atau kurang),Jalanan Rata,Sepeda Gunung (Mountain Bike/MTB),
Surabaya,15,Pria,185,59,Cepat (26 km/jam atau lebih),Jalanan Rata,Sepeda Gunung (Mountain Bike/MTB),
Surabaya,31,Pria,161,67,Cepat (26 km/jam atau lebih),Jalanan Tidak Rata,Sepeda Gunung (Mountain Bike/MTB),
Surabaya,43,Pria,156,67,Sedang (16 - 25 km/jam),Jalanan Rata,Sepeda Gunung (Mountain Bike/MTB),
Surabaya,36,Wanita,152,77,Santai (15 km/jam atau kurang),Jalanan Rata,Sepeda Gunung (Mountain Bike/MTB),
Surabaya,49,Pria,161,67,Sedang (16 - 25 km/jam),Jalanan Rata,Sepeda Gunung (Mountain Bike/MTB),
Surabaya,17,Pria,171,67,Santai (15 km/jam atau kurang),Jalanan Rata,Sepeda Gunung (Mountain Bike/MTB),
Surabaya,42,Pria,190,95,Sedang (16 - 25 km/jam),Jalanan Tidak Rata,Sepeda Gunung (Mountain Bike/MTB),
Surabaya,57,Wanita,167,74,Santai (15 km/jam atau kurang),Jalanan Rata,Sepeda Gunung (Mountain Bike/MTB),
Surabaya,21,Pria,173,86,Sedang (16 - 25 km/jam),Jalanan Rata,Sepeda Gunung (Mountain Bike/MTB),
Surabaya,57,Pria,166,88,Sedang (16 - 25 km/jam),Jalanan Rata,Sepeda Gunung (Mountain Bike/MTB),
Surabaya,48,Pria,175,71,Sedang (16 - 25 km/jam),Jalanan Tidak Rata,Sepeda Gunung (Mountain Bike/MTB),
Surabaya,50,Wanita,156,55,Santai (15 km/jam atau kurang),Jalanan Rata,Sepeda Gunung (Mountain Bike/MTB),
Surabaya,49,Pria,164,64,Santai (15 km/jam atau kurang),Jalanan Rata,Sepeda Gunung (Mountain Bike/MTB),
Surabaya,59,Pria,170,73,Santai (15 km/jam atau kurang),Jalanan Rata,Sepeda Gunung (Mountain Bike/MTB),
Surabaya,60,Pria,161,79,Santai (15 km/jam atau kurang),Jalanan Rata,Sepeda Gunung (Mountain Bike/MTB),
Surabaya,29,Wanita,161,64,Sedang (16 - 25 km/jam),Jalanan Rata,Sepeda Gunung (Mountain Bike/MTB),
Surabaya,28,Wanita,164,51,Santai (15 km/jam atau kurang),Jalanan Tidak Rata,Sepeda Gunung (Mountain Bike/MTB),
Surabaya,37,Pria,165,75,Santai (15 km/jam atau kurang),Jalanan Rata,Sepeda Gunung (Mountain Bike/MTB),
Surabaya,52,Pria,165,59,Santai (15 km/jam atau kurang),Jalanan Tidak Rata,Sepeda Gunung (Mountain Bike/MTB),
Surabaya,49,Wanita,160,60,Santai (15 km/jam atau kurang),Jalanan Rata,Sepeda Gunung (Mountain Bike/MTB),
Surabaya,32,Pria,176,89,Sedang (16 - 25 km/jam),Jalanan Rata,Sepeda Gunung (Mountain Bike/MTB),
Surabaya,33,Pria,171,88,Sedang (16 - 25 km/jam),Jalanan Rata,Sepeda Gunung (Mountain Bike/MTB),
Surabaya,22,Pria,169,68,Sedang (16 - 25 km/jam),Jalanan Tidak Rata,Sepeda Gunung (Mountain Bike/MTB),
Surabaya,53,Wanita,155,58,Sedang (16 - 25 km/jam),Jalanan Rata,Sepeda Gunung (Mountain Bike/MTB),
Surabaya,60,Pria,163,86,Sedang (16 - 25 km/jam),Jalanan Tidak Rata,Sepeda Gunung (Mountain Bike/MTB),
Surabaya,58,Pria,171,74,Sedang (16 - 25 km/jam),Jalanan Tidak Rata,Sepeda Gunung (Mountain Bike/MTB),
Surabaya,23,Wanita,159,43,Sedang (16 - 25 km/jam),Jalanan Rata,Sepeda Gunung (Mountain Bike/MTB),
Surabaya,23,Pria,178,54,Santai (15 km/jam atau kurang),Jalanan Rata,Sepeda Gunung (Mountain Bike/MTB),
Surabaya,54,Pria,177,67,Sedang (16 - 25 km/jam),Jalanan Tidak Rata,Sepeda Gunung (Mountain Bike/MTB),
Surabaya,19,Pria,174,70,Sedang (16 - 25 km/jam),Jalanan Rata,Sepeda Gunung (Mountain Bike/MTB),
Surabaya,29,Pria,172,93,Santai (15 km/jam atau kurang),Jalanan Rata,Sepeda Gunung (Mountain Bike/MTB),
Surabaya,43,Wanita,158,52,Santai (15 km/jam atau kurang),Jalanan Rata,Sepeda Gunung (Mountain Bike/MTB),
Surabaya,48,Pria,183,89,Santai (15 km/jam atau kurang),Jalanan Rata,Sepeda Gunung (Mountain Bike/MTB),
Surabaya,15,Wanita,148,38,Sedang (16 - 25 km/jam),Jalanan Tidak Rata,Sepeda Gunung (Mountain Bike/MTB),
Surabaya,29,Pria,163,85,Sedang (16 - 25 km/jam),Jalanan Tidak Rata,Sepeda Gunung (Mountain Bike/MTB),
Surabaya,65,Pria,171,67,Sedang (16 - 25 km/jam),Jalanan Rata,Sepeda Gunung (Mountain Bike/MTB),
Surabaya,38,Pria,171,84,Sedang (16 - 25 km/jam),Jalanan Rata,Sepeda Gunung (Mountain Bike/MTB),
Surabaya,52,Pria,157,63,Sedang (16 - 25 km/jam),Jalanan Rata,Sepeda Gunung (Mountain Bike/MTB),
Surabaya,23,Pria,169,75,Sedang (16 - 25 km/jam),Jalanan Rata,Sepeda Gunung (Mountain Bike/MTB),
Surabaya,32,Pria,161,86,Sedang (16 - 25 km/jam),Jalanan Rata,Sepeda Gunung (Mountain Bike/MTB),
Surabaya,10,Pria,168,54,Sedang (16 - 25 km/jam),Jalanan Tidak Rata,Sepeda Gunung (Mountain Bike/MTB),
Surabaya,49,Pria,178,84,Sedang (16 - 25 km/jam),Jalanan Tidak Rata,Sepeda Gunung (Mountain Bike/MTB),
Surabaya,51,Wanita,159,60,Sedang (16 - 25 km/jam),Jalanan Rata,Sepeda Gunung (Mountain Bike/MTB),
Surabaya,22,Pria,174,91,Santai (15 km/jam atau kurang),Jalanan Rata,Sepeda Gunung (Mountain Bike/MTB),
Surabaya,39,Pria,179,93,Santai (15 km/jam atau kurang),Jalanan Tidak Rata,Sepeda Gunung (Mountain Bike/MTB),
Surabaya,48,Wanita,165,65,Santai (15 km/jam atau kurang),Jalanan Rata,Sepeda Gunung (Mountain Bike/MTB),
Surabaya,45,Wanita,151,44,Santai (15 km/jam atau kurang),Jalanan Rata,Sepeda Gunung (Mountain Bike/MTB),
Surabaya,22,Pria,173,99,Sedang (16 - 25 km/jam),Jalanan Tidak Rata,Sepeda Gunung (Mountain Bike/MTB),
Surabaya,48,Pria,166,74,Santai (15 km/jam atau kurang),Jalanan Rata,Sepeda Gunung (Mountain Bike/MTB),
Surabaya,50,Pria,166,80,Sedang (16 - 25 km/jam),Jalanan Tidak Rata,Sepeda Gunung (Mountain Bike/MTB),
Surabaya,22,Wanita,168,66,Sedang (16 - 25 km/jam),Jalanan Rata,Sepeda Gunung (Mountain Bike/MTB),
Surabaya,31,Wanita,168,58,Santai (15 km/jam atau kurang),Jalanan Rata,Sepeda Gunung (Mountain Bike/MTB),
Surabaya,29,Pria,162,61,Sedang (16 - 25 km/jam),Jalanan Tidak Rata,Sepeda Gunung (Mountain Bike/MTB),
Surabaya,14,Pria,177,65,Sedang (16 - 25 km/jam),Jalanan Tidak Rata,Sepeda Gunung (Mountain Bike/MTB),
Surabaya,13,Pria,170,57,Sedang (16 - 25 km/jam),Jalanan Rata,Sepeda Gunung (Mountain Bike/MTB),
Pekalongan,44,Pria,171,80,Sedang (16 - 25 km/jam),Jalanan Rata,Sepeda Lipat (Folding Bike),Olahraga kesehatan
Pekalongan,35,Pria,165,70,Santai (15 km/jam atau kurang),Jalanan Rata,Sepeda Lipat (Folding Bike),Olahraga ringan
Pekalongan ,38,Wanita,160,65,Sedang (16 - 25 km/jam),Jalanan Rata,Sepeda Lipat (Folding Bike),Untuk berolah raga 
Pekalongan,39,Pria,171,75,Sedang (16 - 25 km/jam),Jalanan Tidak Rata,Sepeda Lipat (Folding Bike),"Kesehatan, dan refreshing"
pekalongan,29,Pria,166,64,Santai (15 km/jam atau kurang),Jalanan Rata,Sepeda Lipat (Folding Bike),olaraga
pekalongan,42 tahun,Pria,166,78,Santai (15 km/jam atau kurang),Jalanan Rata,Sepeda Lipat (Folding Bike),olahraga dan hiburan.
Surabaya,32,Pria,172,57,Santai (15 km/jam atau kurang),Jalanan Rata,Sepeda Lipat (Folding Bike),Olahraga pagi
Surabaya,42,Pria,171,82,Santai (15 km/jam atau kurang),Jalanan Rata,Sepeda Lipat (Folding Bike),Kekeluargaan
Jkt,48,Wanita,160,58,Santai (15 km/jam atau kurang),Jalanan Rata,Sepeda Lipat (Folding Bike),Rekreasi
Surabaya,34,Pria,181,99,Santai (15 km/jam atau kurang),Jalanan Rata,Sepeda Lipat (Folding Bike),Weight loss & socialize with friends
Ciamis,32,Wanita,155,56,Sedang (16 - 25 km/jam),Jalanan Rata,Sepeda Lipat (Folding Bike),Refreshing
balikpapan,43,Pria,165,74,Sedang (16 - 25 km/jam),Jalanan Rata,Sepeda Lipat (Folding Bike),happy fun
Sidoarjo,47,Wanita,155,43,Santai (15 km/jam atau kurang),Jalanan Rata,Sepeda Lipat (Folding Bike),ke tempat yg dekat
Bandung,53 tahun,Wanita,165,74,Santai (15 km/jam atau kurang),Jalanan Rata,Sepeda Lipat (Folding Bike),Untuk olahraga dan jalan jalan
Sidoarjo,39,Wanita,153,52,Santai (15 km/jam atau kurang),Jalanan Rata,Sepeda Lipat (Folding Bike),Olah raga
Surabaya,33,Wanita,164,64,Sedang (16 - 25 km/jam),Jalanan Rata,Sepeda Lipat (Folding Bike),"Refreshing, berjemur sekaligus olahraga cari keringat"
Jakarta,31,Pria,160,58,Santai (15 km/jam atau kurang),Jalanan Rata,Sepeda Lipat (Folding Bike),Commuter
Bandung,60,Pria,165,62,Sedang (16 - 25 km/jam),Jalanan Rata,Sepeda Lipat (Folding Bike),Refreshing dan Olah Raga 
Purwokerto,47,Pria,170,75,Sedang (16 - 25 km/jam),Jalanan Rata,Sepeda Lipat (Folding Bike),Olah raga sekalian happy
Purwokerto,46,Pria,178,90,Santai (15 km/jam atau kurang),Jalanan Rata,Sepeda Lipat (Folding Bike),Hiburan dan kesehatan
Pekalongan,45,Pria,175,80,Santai (15 km/jam atau kurang),Jalanan Rata,Sepeda Lipat (Folding Bike),biar sehat
Surabaya,56,Wanita,155,44,Santai (15 km/jam atau kurang),Jalanan Rata,Sepeda Lipat (Folding Bike),
Surabaya,54,Wanita,159,58,Sedang (16 - 25 km/jam),Jalanan Rata,Sepeda Lipat (Folding Bike),
Surabaya,49,Wanita,160,49,Santai (15 km/jam atau kurang),Jalanan Rata,Sepeda Lipat (Folding Bike),
Surabaya,49,Wanita,165,46,Santai (15 km/jam atau kurang),Jalanan Rata,Sepeda Lipat (Folding Bike),
Surabaya,43,Pria,161,48,Santai (15 km/jam atau kurang),Jalanan Rata,Sepeda Lipat (Folding Bike),
Surabaya,44,Wanita,160,47,Santai (15 km/jam atau kurang),Jalanan Rata,Sepeda Lipat (Folding Bike),
Surabaya,45,Wanita,163,48,Santai (15 km/jam atau kurang),Jalanan Rata,Sepeda Lipat (Folding Bike),
Surabaya,37,Pria,161,50,Santai (15 km/jam atau kurang),Jalanan Rata,Sepeda Lipat (Folding Bike),
Surabaya,51,Wanita,164,58,Sedang (16 - 25 km/jam),Jalanan Rata,Sepeda Lipat (Folding Bike),
Surabaya,27,Wanita,169,48,Santai (15 km/jam atau kurang),Jalanan Rata,Sepeda Lipat (Folding Bike),
Surabaya,16,Pria,171,63,Santai (15 km/jam atau kurang),Jalanan Rata,Sepeda Lipat (Folding Bike),
Surabaya,13,Pria,177,70,Santai (15 km/jam atau kurang),Jalanan Rata,Sepeda Lipat (Folding Bike),
Surabaya,45,Pria,158,47,Santai (15 km/jam atau kurang),Jalanan Rata,Sepeda Lipat (Folding Bike),
Surabaya,25,Pria,153,44,Santai (15 km/jam atau kurang),Jalanan Rata,Sepeda Lipat (Folding Bike),
Surabaya,39,Pria,172,62,Sedang (16 - 25 km/jam),Jalanan Rata,Sepeda Lipat (Folding Bike),
Surabaya,43,Pria,167,64,Sedang (16 - 25 km/jam),Jalanan Rata,Sepeda Lipat (Folding Bike),
Surabaya,10,Pria,163,46,Santai (15 km/jam atau kurang),Jalanan Rata,Sepeda Lipat (Folding Bike),
Surabaya,59,Wanita,151,55,Sedang (16 - 25 km/jam),Jalanan Rata,Sepeda Lipat (Folding Bike),
Surabaya,11,Pria,157,50,Santai (15 km/jam atau kurang),Jalanan Rata,Sepeda Lipat (Folding Bike),
Surabaya,33,Pria,162,43,Santai (15 km/jam atau kurang),Jalanan Rata,Sepeda Lipat (Folding Bike),
Surabaya,58,Wanita,159,51,Santai (15 km/jam atau kurang),Jalanan Rata,Sepeda Lipat (Folding Bike),
Surabaya,45,Wanita,168,65,Sedang (16 - 25 km/jam),Jalanan Rata,Sepeda Lipat (Folding Bike),
Surabaya,48,Pria,169,70,Santai (15 km/jam atau kurang),Jalanan Rata,Sepeda Lipat (Folding Bike),
Surabaya,58,Wanita,153,55,Sedang (16 - 25 km/jam),Jalanan Rata,Sepeda Lipat (Folding Bike),
Surabaya,50,Wanita,156,54,Sedang (16 - 25 km/jam),Jalanan Rata,Sepeda Lipat (Folding Bike),
Surabaya,55,Wanita,157,59,Sedang (16 - 25 km/jam),Jalanan Rata,Sepeda Lipat (Folding Bike),
Surabaya,24,Wanita,152,47,Santai (15 km/jam atau kurang),Jalanan Rata,Sepeda Lipat (Folding Bike),
Surabaya,31,Pria,163,49,Santai (15 km/jam atau kurang),Jalanan Rata,Sepeda Lipat (Folding Bike),
Surabaya,24,Wanita,152,47,Santai (15 km/jam atau kurang),Jalanan Rata,Sepeda Lipat (Folding Bike),
Surabaya,57,Pria,160,44,Santai (15 km/jam atau kurang),Jalanan Rata,Sepeda Lipat (Folding Bike),
Surabaya,50,Pria,165,63,Sedang (16 - 25 km/jam),Jalanan Rata,Sepeda Lipat (Folding Bike),
Surabaya,57,Wanita,167,63,Santai (15 km/jam atau kurang),Jalanan Rata,Sepeda Lipat (Folding Bike),
Surabaya,45,Wanita,151,57,Santai (15 km/jam atau kurang),Jalanan Rata,Sepeda Lipat (Folding Bike),
Surabaya,21,Wanita,156,48,Santai (15 km/jam atau kurang),Jalanan Rata,Sepeda Lipat (Folding Bike),
Surabaya,47,Wanita,154,53,Santai (15 km/jam atau kurang),Jalanan Rata,Sepeda Lipat (Folding Bike),
Surabaya,54,Wanita,156,51,Sedang (16 - 25 km/jam),Jalanan Rata,Sepeda Lipat (Folding Bike),
Surabaya,30,Pria,159,46,Santai (15 km/jam atau kurang),Jalanan Rata,Sepeda Lipat (Folding Bike),
Surabaya,29,Wanita,168,62,Sedang (16 - 25 km/jam),Jalanan Rata,Sepeda Lipat (Folding Bike),
Surabaya,29,Pria,155,47,Santai (15 km/jam atau kurang),Jalanan Rata,Sepeda Lipat (Folding Bike),
Surabaya,22,Pria,167,62,Santai (15 km/jam atau kurang),Jalanan Rata,Sepeda Lipat (Folding Bike),
Surabaya,47,Wanita,163,70,Santai (15 km/jam atau kurang),Jalanan Rata,Sepeda Lipat (Folding Bike),
Surabaya,37,Pria,176,70,Sedang (16 - 25 km/jam),Jalanan Rata,Sepeda Lipat (Folding Bike),
Surabaya,28,Pria,167,46,Santai (15 km/jam atau kurang),Jalanan Rata,Sepeda Lipat (Folding Bike),
Surabaya,55,Wanita,154,57,Santai (15 km/jam atau kurang),Jalanan Rata,Sepeda Lipat (Folding Bike),
Surabaya,49,Pria,161,82,Sedang (16 - 25 km/jam),Jalanan Rata,Sepeda Lipat (Folding Bike),
Surabaya,53,Pria,168,46,Santai (15 km/jam atau kurang),Jalanan Rata,Sepeda Lipat (Folding Bike),
Surabaya,49,Pria,154,43,Santai (15 km/jam atau kurang),Jalanan Rata,Sepeda Lipat (Folding Bike),
Surabaya,51,Pria,159,41,Santai (15 km/jam atau kurang),Jalanan Rata,Sepeda Lipat (Folding Bike),
Surabaya,41,Pria,156,47,Santai (15 km/jam atau kurang),Jalanan Rata,Sepeda Lipat (Folding Bike),
Surabaya,34,Wanita,167,51,Cepat (26 km/jam atau lebih),Jalanan Rata,Sepeda Lipat (Folding Bike),
Surabaya,39,Wanita,167,52,Cepat (26 km/jam atau lebih),Jalanan Rata,Sepeda Lipat (Folding Bike),
Surabaya,45,Wanita,169,66,Sedang (16 - 25 km/jam),Jalanan Rata,Sepeda Lipat (Folding Bike),
Surabaya,46,Wanita,151,57,Sedang (16 - 25 km/jam),Jalanan Rata,Sepeda Lipat (Folding Bike),
Surabaya,20,Pria,180,85,Sedang (16 - 25 km/jam),Jalanan Rata,Sepeda Gunung (Mountain Bike/MTB),untuk alat transportasi dan olahraga
Surabaya,21,Pria,170,90,Sedang (16 - 25 km/jam),Jalanan Rata,Sepeda Balap (Road Bike),
Surabaya,20,Pria,165,50,Santai (15 km/jam atau kurang),Jalanan Rata,Sepeda Gunung (Mountain Bike/MTB),Jalan-jalan
Surabaya,19,Pria,175,70,Sedang (16 - 25 km/jam),Jalanan Rata,Sepeda Gunung (Mountain Bike/MTB),Olahraga
SUrabaya,19,Pria,168,70,Santai (15 km/jam atau kurang),Jalanan Rata,Sepeda Lipat (Folding Bike),-
Surabaya,18,Wanita,161,50,Santai (15 km/jam atau kurang),Jalanan Rata,Sepeda Lipat (Folding Bike),
Surabaya,21,Pria,180,88,Santai (15 km/jam atau kurang),Jalanan Rata,Sepeda Balap (Road Bike),"Olahraga, Relaxing"
Surabaya,20,Pria,175,65,Santai (15 km/jam atau kurang),Jalanan Rata,Sepeda Gunung (Mountain Bike/MTB),bepergian
Surabaya,20,Pria,163,70,Santai (15 km/jam atau kurang),Jalanan Tidak Rata,Sepeda Gunung (Mountain Bike/MTB),have fun
Kupang,19,Pria,176,84,Santai (15 km/jam atau kurang),Jalanan Tidak Rata,Sepeda Gunung (Mountain Bike/MTB),Belajar
Surabaya,19,Pria,171,72,Santai (15 km/jam atau kurang),Jalanan Tidak Rata,Sepeda Gunung (Mountain Bike/MTB),Have fun bersama teman2
Palu,19,Pria,175,100,Sedang (16 - 25 km/jam),Jalanan Rata,Sepeda Gunung (Mountain Bike/MTB),Untuk mencoba menurunkan berat bada
Denpasar,18,Pria,178,80,Santai (15 km/jam atau kurang),Jalanan Rata,Sepeda Gunung (Mountain Bike/MTB),Bersenang-senang
Surabaya,20,Pria,175,62,Sedang (16 - 25 km/jam),Jalanan Tidak Rata,Sepeda Gunung (Mountain Bike/MTB),Cardio
Surabaya,19,Wanita,163,68,Santai (15 km/jam atau kurang),Jalanan Rata,Sepeda Balap (Road Bike),Olahraga.
Surabaya,20,Pria,170,67,Santai (15 km/jam atau kurang),Jalanan Rata,Sepeda Lipat (Folding Bike),TTujuan saya bersepeda adalah untuk berolahraga dan menjaga pola kehidupan yang sehat
Surabaya,20,Wanita,163,50,Santai (15 km/jam atau kurang),Jalanan Rata,Sepeda Lipat (Folding Bike),Ngajak anjing jalan
surabaya,20,Pria,174,73,Sedang (16 - 25 km/jam),Jalanan Rata,Sepeda Balap (Road Bike),refreshing
Batam,20,Pria,170,56,Santai (15 km/jam atau kurang),Jalanan Tidak Rata,Sepeda Lipat (Folding Bike),Berpergian
Surabaya,19,Wanita,158,55,Santai (15 km/jam atau kurang),Jalanan Tidak Rata,Sepeda Gunung (Mountain Bike/MTB),Mencapai tujuan
Surabaya,20,Pria,165,60,Santai (15 km/jam atau kurang),Jalanan Rata,Sepeda Lipat (Folding Bike),Pergi ke gym
Surabaya,19,Wanita,158,62,Santai (15 km/jam atau kurang),Jalanan Rata,Sepeda Lipat (Folding Bike),Olahraga ringan
Surabaya,19,Pria,183,79.5,Sedang (16 - 25 km/jam),Jalanan Rata,Sepeda Balap (Road Bike),olaraga nyari keringat
Surabaya,19,Pria,163.5,63,Santai (15 km/jam atau kurang),Jalanan Rata,Sepeda Lipat (Folding Bike),Kangen sepedaan
Surabaya,19,Pria,174,85,Santai (15 km/jam atau kurang),Jalanan Rata,Sepeda Lipat (Folding Bike),olahraga
Surabaya,20,Pria,166,55,Sedang (16 - 25 km/jam),Jalanan Rata,Sepeda Lipat (Folding Bike),berangkat ke kos
Semarang,19,Pria,160,75,Sedang (16 - 25 km/jam),Jalanan Rata,Sepeda Lipat (Folding Bike),Exercise
Surabaya,21,Pria,173,77,Santai (15 km/jam atau kurang),Jalanan Rata,Sepeda Gunung (Mountain Bike/MTB),Olahraga
Surabaya,20,Pria,175,75,Santai (15 km/jam atau kurang),Jalanan Rata,Sepeda Balap (Road Bike),Kesehatan
Jakarta,21,Pria,177,61,Santai (15 km/jam atau kurang),Jalanan Rata,Sepeda Lipat (Folding Bike),Olahraga pagi
Surabaya,20,Wanita,158,58,Santai (15 km/jam atau kurang),Jalanan Rata,Sepeda Gunung (Mountain Bike/MTB),Olahraga ringan dan Refreshing
Surabaya,20,Pria,175,55,Sedang (16 - 25 km/jam),Jalanan Rata,Sepeda Lipat (Folding Bike),Melatih jantung.
Surabaya,19,Wanita,160,50,Sedang (16 - 25 km/jam),Jalanan Tidak Rata,Sepeda Lipat (Folding Bike),sehat
Surabaya,20,Pria,185,82,Santai (15 km/jam atau kurang),Jalanan Tidak Rata,Sepeda Gunung (Mountain Bike/MTB),Ke Minimarket
Surabaya,19,Pria,168,60 kg,Santai (15 km/jam atau kurang),Jalanan Rata,Sepeda Balap (Road Bike),"untuk lebih tenang, dan sehat"
Palu,20,Wanita,163,63,Sedang (16 - 25 km/jam),Jalanan Tidak Rata,Sepeda Gunung (Mountain Bike/MTB),Berolahraga
Surabaya,19,Pria,185,55,Sedang (16 - 25 km/jam),Jalanan Rata,Sepeda Balap (Road Bike),bersantai dan berolahraga
Surabaya,20,Pria,169,60,Santai (15 km/jam atau kurang),Jalanan Rata,Sepeda Lipat (Folding Bike),gabut
surabaya,20,Pria,171,48,Santai (15 km/jam atau kurang),Jalanan Rata,Sepeda Lipat (Folding Bike),supaya sehat
Surabaya,19,Pria,178,93,Santai (15 km/jam atau kurang),Jalanan Rata,Sepeda Balap (Road Bike),Kalau Bosan
Surabaya,20,Pria,166,56,Sedang (16 - 25 km/jam),Jalanan Tidak Rata,Sepeda Gunung (Mountain Bike/MTB),Biar seru
Surabaya,19,Pria,167,62,Santai (15 km/jam atau kurang),Jalanan Rata,Sepeda Gunung (Mountain Bike/MTB),For fun
Surabaya,19,Pria,172,80,Santai (15 km/jam atau kurang),Jalanan Rata,Sepeda Lipat (Folding Bike),Jalan Jalan Santai
Surabaya,19,Pria,179,71,Santai (15 km/jam atau kurang),Jalanan Tidak Rata,Sepeda Gunung (Mountain Bike/MTB),Seru dengan teman
Surabaya,20,Wanita,160,60,Santai (15 km/jam atau kurang),Jalanan Rata,Sepeda Gunung (Mountain Bike/MTB),Olahraga gampang
Surabaya,22,Pria,170,75,Santai (15 km/jam atau kurang),Jalanan Rata,Sepeda Balap (Road Bike),olahraga
Surabaya,20,Pria,173,57,Sedang (16 - 25 km/jam),Jalanan Tidak Rata,Sepeda Balap (Road Bike),Transportasi dan kesehatan
Surabaya,21,Pria,174,89,Sedang (16 - 25 km/jam),Jalanan Rata,Sepeda Lipat (Folding Bike),kesehatan
Semarang,20,Pria,169,60,Sedang (16 - 25 km/jam),Jalanan Rata,Sepeda Lipat (Folding Bike),"Jalan"""